6659563
9336452
18373524
17362504
18475927
19040733
17637931
18466588
18781200
17316442
19210798
19173709
16846534
15905474
14969593
3086079
18689442
18475811
18828914
16845096
19063748
18560474
17676955
18823549
19068134
2062647
16923184
16352866
14613582
16933962
18475693
16934155
8143642
14836775
18523684
19274100
16356193
19146707
18596927
16987426
17577422
2602134
17982177
19014584
15115542
17224039
18477398
17430568
18629308
17426134
2678003
12423554
15985154
17997607
16911802
17391528
7433091
15679912
12582242
15824060
15272938
6240025
19002241
17309801
17432933
10710424
12527778
18710555
17223997
2187128
16611362
482129
17028100
15784156
16822323
18218127
18759993
11017888
18560530
18466535
16381928
17597853
18368526
15713232
17052340
18275616
16153303
2062645
19090614
18725978
18752663
16420700
16623958
16207330
17069656
