21907818
20958807
21037014
20880204
20154329
20971904
20854921
20870768
21521215
20962081
20970456
20964685
21057009
21281729
21498113
20837155
21029232
21241328
21241815
20951744
20962092
20854479
21037011
21111055
20951743
21388371
20955241
20980524
20958806
20980509
21037004
20980506
21585578
21418208
21521136
20880224
21075922
21511047
20173002
20980507
21131487
21097626
21097610
21488872
21511329
21907817
20650684
20825577
22004876
21037010
21039566
21435060
20863853
20977508
21118200
22056522
21241331
20173003
20819175
20962089
22056520
21169487
21529147
20962090
20955225
20044015
20173011
21169483
21277986
21281727
21466554
21083871
21115657
20840610
21029752
20964694
21155772
21839848
21195204
20601040
21118423
21426343
21131490
22056521
20816830
21034773
21097633
21334865
20831646
21807107
20880205
20825517
20840608
21382108
21037009
21295519
20708960
20971901
21323923
20643581
20935092
21131488
22182623
21497131
21109013
21126914
21047956
20980523
21054434
20154332
21039560
20980500
21406243
20850479
21176790
21558012
20139281
20980525
20958808
21382109
21496128
21521142
21029750
21277756
21517842
21601521
21362491
20955810
20854397
21496127
22001288
20962095
21115655
21169486
21269674
21148731
21074391
21198588
21514396
20961294
21062317
20933016
21477200
21815956
21054435
21037006
20961741
21418211
21244418
21435062
21945996
20719250
21526933
20971903
20173001
21112814
21155771
21047955
21632222
21131491
21029116
20880023
20971898
21366564
20955813
20964692
21840413
20884291
20964684
21037015
21126599
21084112
21565476
21036995
22182616
21155770
21182522
21377422
21353502
20946534
21435708
19667393
20682355
21118422
20980502
20619350
21418210
20946419
21054381
20433937
21036994
21227489
21219328
22001287
20173007
21097616
20964687
21039562
21453780
21244419
21907298
20946589
20980495
20654725
22182620
21418209
20980518
21784165
21793956
21097608
20888926
20980510
21097632
21037007
21075929
21145410
20980498
20650682
21148736
20971620
21521144
21199019
21097634
20955227
21057007
20962094
20980517
21303365
20884290
21227494
20840499
22182607
21401593
21155769
21244420
21277379
21075924
21047957
21037002
21169488
21840411
21600998
21097613
21521139
20946131
21037013
21054437
20118285
21241330
22182611
21398102
21148732
22182621
20173008
21182519
21118421
21073455
20728557
21420905
21183147
21929695
22182610
21429718
20817000
21802913
21205278
20974179
21426344
21521216
21840412
20932726
21521143
20173005
21565477
20965267
21075926
21227499
21227500
21091811
21147038
22182614
20154326
21889597
20980516
21198589
21062315
21176789
21641779
21371656
20139282
20154328
21131496
21672063
20840555
21039559
21169481
21295520
21466553
20887752
20190019
21075927
20797444
20971913
21039564
21511048
21284624
20971905
20962077
21145409
20958303
20971906
20962087
20943971
22182609
22182615
21689183
20880203
20519149
20980519
21073977
21366563
21366562
21148730
20190020
22182606
21054410
21429803
20154331
21047958
21216300
20980526
21526927
20868395
20974180
20962085
21521138
20887797
20962082
20980499
21054436
21526929
21296405
20933014
20980497
21034775
20825506
21797944
20955223
20951745
20880022
21039561
21323922
21039479
20962101
21435061
21521141
20807375
21401592
21668550
21148724
20962098
21241329
21601644
20173010
21269677
21600845
21029751
21097618
20817115
20719251
20796205
20173012
21062318
21895817
21349121
20980513
20874804
22182617
21316301
20880223
21820070
21585579
21131485
21039568
20663713
20980521
22182612
21166911
21097617
21521145
20831730
20964693
20962086
21497073
20880225
21272658
20970457
21115656
21349442
20951165
20173004
20674490
20796204
21070858
20955224
20923690
21067947
21641778
21906194
21526930
21199020
21057008
21118326
21163702
21029749
20884368
20880024
20980501
21349119
20854480
20663714
21333593
21073976
21199018
21148728
21526934
21529150
20650683
20962076
20980503
20980508
20840508
20840510
21397712
21521137
21094264
21371655
20849972
20946918
21699594
20971915
20962093
20735493
20854482
20854481
21039558
21029748
21699592
21615578
20955226
20962080
21526935
20971202
20980514
21388373
21097635
20980504
22182619
20946532
21199022
21097612
20950650
20962097
20971916
20962083
21463300
20825578
20962096
20962091
20951166
21075925
21529151
20964691
20980511
20933017
20955222
20888422
22182622
20880226
20971911
21689185
20980505
21097628
20863856
21029104
21097611
21711401
21029747
20980520
21474174
21184840
21272794
21039565
20637818
21029117
21097629
21251019
21182520
21521214
20933542
20796206
21227486
20971907
21105872
21237280
20880021
20807371
21272001
20946420
20817555
21054379
21497133
21349440
20971899
21075928
21632223
21376670
21115658
20633690
20962079
21521140
20923689
20962084
20708961
21034774
20173013
20971910
20962099
21148733
21220037
21220038
21269682
21039570
21241326
21036992
21097609
22008745
21034772
20971134
20708435
20980515
21097623
20829107
20923688
21324422
21169482
21338353
21807108
21396477
21699593
21361929
21561747
20154330
21699595
21801845
20955221
20880020
21696928
21029103
21269301
21410804
21349764
21131497
20154327
21034776
21699597
20840609
21459562
21426342
21148734
22182604
20951091
21855306
21463301
21272792
21526932
20840506
20955812
21075923
21362493
20971912
21047954
20139283
21146624
20971900
21057010
21148729
20933015
20971914
21320625
21097627
20964686
20980512
20173009
20971909
20980522
21097631
21477201
21282046
21166910
20173006
21419234
22182605
20817114
20962100
20139284
21062316
21134480
21036997
21601645
20643580
21097625
20713166
20962078
21183405
20951167
21071191
20971902
21131495
21227492
21176788
21281728
20854394
21037003
21114562
