28738894
29404634
28615457
29716994
26133372
25760071
26975372
25000301
18847474
27903647
22844504
29316974
24959718
16707021
18347566
21297899
29086093
27047075
28979067
28820464
29570672
28463995
27373895
24099525
27823936
23878504
24386148
26501260
18638369
27587903
25670983
21291557
24969229
15579410
22606014
26977188
23936010
23314241
24584936
26868515
18385798
25963942
19148276
24066043
24883389
24354627
26857916
25381390
30065756
24672387
20976297
17356515
26277606
28671605
25123135
25411045
17697375
25123228
22545145
26694926
28096460
28959396
26877792
28249574
22761768
27941693
28686704
28936335
26501342
28420170
24605059
27160923
21954332
21731462
24736877
29250520
25177796
25933634
23965989
26017151
21580185
26848655
21589603
29967763
26270566
27556452
28534121
20096139
29861933
24991291
15774013
20576164
25550753
20003343
24350275
27528604
25928015
24949434
22489148
25758562
28989655
25257535
28971603
24454842
29062416
22500232
25121104
29137181
17438523
22606194
21291553
29439449
22970197
29882778
17416347
26342080
28869532
21439076
28542188
29735940
23433241
28165386
18350148
23663753
28714882
25411796
24450440
27128906
22022384
27904735
25355395
24089671
25970440
22672616
29584688
29094109
21034502
23764261
19698172
24451144
27223617
26075031
24742127
23173949
26082470
16336672
25412169
26933036
25774496
28285415
