10083734
3346017
9770531
1319838
1357962
10923035
1978564
7951327
2220826
8012387
8661102
10911990
9800909
9439660
3659917
7858169
2886237
2773936
10425038
9448273
9371490
10403837
8637912
7550230
1127526
10788334
2852474
2037285
161677
7586656
1302022
8692963
2241452
2963536
10598815
10767343
9400934
7605382
7811247
10712209
9056547
10078732
10417279
8894695
7458742
9689113
10541953
10323740
8240110
9668171
495634
10051007
10706858
126380
9144525
8258524
10198641
10213492
2309698
8622978
1319059
9465039
9590178
9771706
8441467
7550349
10589394
8944023
8931709
7479827
10861282
7951315
8843194
8522307
9603435
313733
7444053
7981671
10639175
3572301
7316485
9463318
7106752
10085150
144081
10064668
10364525
3718019
10519880
8266996
8440142
7767095
2253937
9949197
6337374
6585184
10817650
7959759
8673131
932197
3162536
1201235
9856498
1937471
8401501
7617034
8649785
9050868
9618166
1709636
10094552
9729124
1302032
8944024
10447258
8088831
1313112
10196381
2569949
10447259
9546397
122435
10943845
8002973
8755645
8723064
1610789
10449794
9674903
9620771
9463309
10417280
1301200
10930361
7298854
10545613
10976074
1968617
6783144
8682510
7795653
8533762
10557317
1678319
3563511
8776595
9294109
9223307
6103091
9703501
8023850
1334370
9195227
10598803
9744473
523196
10502833
7611277
10766245
2215607
6453040
10590055
2912069
9063749
1323345
7523157
10987655
107868
8004674
10878391
2571579
7696601
3565372
9861003
10767347
1316718
8625410
10434119
8281152
8528199
7874117
1307245
9506545
7652577
10205262
1301187
3198117
1468459
8084618
9382108
7795591
8833159
8929413
10732811
1384324
10078749
7668252
10958786
7663517
116187
8282802
1361318
3014348
10398279
2161209
3347839
9869602
8259519
10724160
1222588
7951316
10802660
9222760
10888879
9600235
9700175
1684088
10571950
7991123
133535
10554035
10466420
9852676
1346924
10480348
8700509
10430841
1303171
7202134
10094559
9218625
9069115
3678494
10083733
10408771
9973276
8956035
9856499
8938427
10071185
6087154
7726234
8477262
2404853
8689689
9420335
10612394
8644702
9536083
8575748
8828602
492335
6650504
8499920
9554743
7493024
7962532
10699184
10947987
8071957
9790667
10636421
6101415
9223312
9585606
7825578
8566952
9072974
7545954
2575483
2562820
10543403
2884570
8563759
1684569
8301658
102474
9888390
9391889
8666397
8198124
3674116
7825586
1345170
10767313
10633128
7959767
3169738
6086495
1361100
3480530
9731533
3862128
2355960
8281142
10470088
8605116
10915776
3362213
9792860
3343337
9028321
8346255
9585605
10802668
7481765
9733027
8931701
2912886
1303173
8696339
2601691
7874163
10724175
7759075
10827109
4019732
10827108
2316519
10210128
511159
1505982
10533031
1973404
1056013
8589722
7543316
10072428
2303408
9867744
1671881
8314592
8571953
10556283
9427148
8375105
1349199
10807793
2390095
1776638
409732
8317477
8098245
1353340
8812423
7599636
9472666
10528243
9848786
6524872
1301161
1303170
10737119
8364574
7769092
218453
7939630
1302003
3455778
1301201
1248000
3258663
10798358
2862466
9050866
9702690
2016095
10323252
10747931
10930571
9618170
7802009
10071193
7894491
10533068
1311721
3354603
10891444
9066888
2544995
6604602
10736265
1733838
8466512
10487695
1307253
2927388
3464560
8808605
7390473
7762560
8500791
10441573
2651669
8178825
10429004
10839544
9288106
7759076
10818206
9083764
9467011
2786201
1317264
8571951
9271438
9590284
2310692
10382909
1376553
8111379
10484772
10430930
8530105
9724771
1301189
9634518
10861298
8675707
7909252
2894613
2910902
10737980
9949209
9019400
9391879
10411929
9174057
10875918
10802669
2989709
9709714
10364521
9182899
8531967
7761412
8471773
3578281
7315872
3600794
7076260
10398436
7857677
10472529
2817003
1833974
8755918
8929264
8460149
23402
3377761
10716718
1707231
10767326
3012567
9012404
10196379
1424237
3591825
1301937
8636252
7814011
8782829
10192393
10220405
8434621
7574457
1831007
492812
9020847
10802667
7550229
10528853
9336417
10077651
1282899
9831355
1324223
8528200
9457914
8758207
8968760
10698963
10577908
8279472
1769645
1679035
10364518
1380672
8128954
10557309
8659549
8640236
8824873
8595416
9245987
2209091
9521325
9863607
2006152
1346773
10581027
2828430
3393536
10090880
2995231
10190819
10732816
10426999
9457913
10500204
10521293
6387532
9463314
10381492
9360520
1939657
7055648
9703418
1731805
10742101
10830910
1671851
9272171
10330348
9585611
8195156
9705283
2071157
2760209
7937795
2895982
8789439
10364520
9950360
10915770
1655284
2309142
10441343
10484981
10712225
8733131
9774970
10377440
7535801
8808606
7717396
10594001
9497246
6859721
8843193
10200300
7795652
9122265
9585583
8589715
10426139
1351034
10737981
10662807
8790412
1322637
9144439
10208848
10449429
10767339
8751855
10571943
10480214
9482572
9792409
7790377
9843038
8954016
8162051
8786135
10735274
7450778
1338764
10192399
1505217
1409710
6540752
2180286
10441329
10487710
8408659
2835825
1577476
10406661
1279971
8674108
8659522
10090890
9311732
7607677
10330430
9425228
993342
9521421
1307230
8678979
10484765
318684
10777718
8651278
8533768
10021369
8898652
8917548
10746568
10471457
8566965
8968716
9671401
8528198
10607954
8644703
10353787
2568588
8244393
2591962
3029599
2450401
7573040
8589721
10090885
10712201
9241282
10369860
9988281
7579347
1673289
10932179
8188241
100562
8101038
1338906
10441571
10593994
8304342
10790204
7191069
10924409
10369876
1325652
8892662
10465113
624546
10807385
9358014
9927033
1676565
9012409
10366443
8621452
10709732
777027
9342365
1483696
10382910
10369870
7581380
7422429
8673132
8116611
9425239
9888388
10470286
3789016
6902670
10721669
10190331
8162071
2253938
1347968
8326491
1999339
10446987
3876122
10677309
9443866
8841191
3348216
2575071
8871666
7833921
1303277
1269174
10797418
10404839
8931695
7815415
2491010
10814710
8198128
8533757
1562739
10618304
10631148
1975560
1981994
2393028
10615125
1358807
941901
9090524
8113388
8370681
1301146
7894493
10077614
1577763
8551426
10194428
3422216
8209890
10556285
1301190
9385378
7166314
7759106
2792129
9563950
10556298
2352258
1999552
1327525
3032521
8098180
1352883
10528860
1302008
1146783
8670333
8825052
9931324
9465301
8302543
2055114
7964884
3615198
8845838
3600793
1384323
10417286
9241281
10874302
1682919
9145677
3417303
9529364
8187068
7437512
10408776
8075631
10830915
2703233
9450866
1897530
8252631
1717985
9138149
9792861
6618488
1517503
8825599
8589723
8071955
10051005
2563633
1338904
10982189
7568002
8307570
2008213
2729274
3856322
10842298
3524231
10602116
8104633
1315306
8554067
9580132
9714764
3346018
9674906
7490097
1301938
7630639
7795596
