27609921
27426713
27802446
28064539
28512060
27843267
27592178
27631550
28179911
27549420
27799763
27777558
27572277
27250037
27557464
28385594
27935268
27356936
28270089
27270538
28464073
27347792
27856909
27305656
28269382
28338529
27909143
27610042
28263833
26424709
28146639
27894149
28182129
28441911
27876598
28416098
27565870
27576941
28143831
28464907
28004480
28397323
28345022
28213926
27259362
28437199
27845744
28166728
28250022
28197674
28393741
27272784
28391978
28448089
28475553
27965132
28536004
28447586
27618734
27252074
28540429
27539002
28374022
27778231
28144189
27660844
28322271
28505487
27312275
28104084
28116177
27439969
28341674
27909876
27941914
27713074
27395231
27608043
28336597
27315396
28165368
28295838
27777427
28111379
28251683
28472129
28273336
27755975
27473951
28122499
28421865
28179560
28376287
28375729
27650462
27338800
27378927
28002493
27546025
27445856
28533814
28002021
28430726
27657150
27766634
27262362
26864880
27772674
27348135
28528555
28245342
27709987
27507385
27736157
27887661
27251800
27429935
26406200
28057313
28536031
28089587
27494135
27551182
27571215
27590021
27634799
27855102
28363919
27921993
28347978
28081533
28163942
28017917
28229071
27853635
28248564
27766879
27239953
28286333
28187885
27848155
28216278
28238845
28100698
28162781
28415499
27688111
27788142
27445389
28260547
27602107
28138631
27359178
27898317
28326790
28326936
28295125
27274541
27252817
28333189
28166581
27538344
27806658
28195094
28198835
28352958
28380044
28246934
28494223
28125006
27274281
28229178
28377051
27482676
27793676
28217611
27943194
27736955
27506129
28503431
28125612
27494870
28207180
27558793
27373893
27348405
27698544
28407650
27257836
28099853
27723749
27392509
28334784
27924297
28286958
27394918
28359781
27554678
28540536
28139371
27859268
27475688
28251780
27172917
27932462
28042104
28177546
27589720
27621953
28506069
28507142
28497891
27919317
27466300
28513626
27925484
27698916
27393222
28240704
27831569
28332608
27792137
28330740
27725792
28394042
27938365
28244945
27779702
27532629
27628070
28443672
27831866
28479259
27677842
27794081
27916503
27445450
27659547
28075493
27829875
27943546
28123271
27299091
27791144
27998493
27995377
28123739
27534399
27654842
28506602
27409657
27300443
27939374
28276471
27576084
27729085
27801847
27282845
27687951
27366508
28179001
28231967
28151970
28349709
27357626
27320055
27898905
27766178
28407625
28197133
27585843
27811842
27867331
28292565
28280760
27680099
28240640
28245193
28391514
28300431
28316031
28487909
28060311
27457997
27731485
27560368
28062447
28263315
28064483
28467858
28263519
28422140
27521864
28328988
27666303
26876532
28108610
27442784
27923842
27794742
27721673
28058039
27708808
27602898
28134776
27894019
28076405
28413643
28500879
27634338
27516476
28370033
27881519
27593461
27464853
28420538
28125819
28343062
27956431
27463515
27891581
27325393
27425447
28247217
27446579
27869181
27460285
27885266
27770391
28132765
28521617
28355402
28217198
28470482
28256192
27399732
27695327
28341903
28404899
27784172
28427537
27639988
28341065
27582170
27656567
27697751
27465497
27345009
27282236
27508384
27318046
27458601
28320554
27656399
28222314
28468761
28087071
27989992
27936353
28391546
28473360
27786249
27259647
27516747
27447000
28088402
27486953
28340463
27717972
27773526
27632796
27389831
27280485
28508943
28198592
28070281
28092112
28418943
28247230
27400734
27706576
27342978
27814657
27381890
27427129
28292240
27306062
27832736
28479312
27412144
28034730
28374841
28012091
27371352
27566854
27887831
28135997
28501006
27498099
28198310
28416410
27271775
27646139
28549352
28105644
27260450
27797717
27298004
27823981
27582280
28342945
28237762
28272227
27441507
27669305
28097611
28093376
27794381
27932585
27671016
27436784
28238559
28523846
28438506
27636763
28077046
27651975
27754271
28112685
27478234
27563006
28507202
28435209
27234031
27847822
28239032
27354219
27510784
28054909
27545399
28327105
27476158
27010511
27358636
27633393
28421738
27263085
28386168
27265179
27336004
28166758
27253877
28080157
28457143
28276986
27866868
27260358
27907227
27364994
28228370
27634880
28254329
27569088
27493011
28049831
28025021
27644077
27796450
27515404
27809747
27857815
27570938
27694728
28074914
28270172
27707812
28103883
27765612
27469526
27625093
28409370
27508468
27443504
28197156
28509710
27841837
27793507
27743941
27533082
28179690
28388882
27447421
27400764
27515772
28179478
27919332
27596135
27723444
27299763
27240257
28237116
28386942
27243664
27538372
28269034
27565311
28424606
28396744
27304655
27782129
28363570
27572131
27926583
28171748
27578611
28093505
27759877
28403172
27570972
28463669
28233508
27851729
27568284
27273918
28389629
27923741
27514440
28382844
27609696
27531288
28545139
27462099
28263181
27374326
27896781
27770762
28471149
28259683
27722881
28342010
28044140
28035391
28139665
27764968
27318197
27928742
28396298
27370179
28132824
28543041
27403105
28150378
27235559
28222139
27821673
28007677
28282614
27858089
28419865
27522512
28359664
28389985
27511456
28351716
27857970
27242550
28411263
27805500
27271770
28083459
28277932
27681567
27821210
27445319
28082609
28509989
28239875
27480410
27591146
28009593
28039304
27777972
27655308
27861593
27984919
28099123
27892235
27671789
28186729
27658949
27303808
28269955
28379326
28490376
28117535
27241291
28220186
27832181
27246120
28350368
28266784
28378668
28445375
28278150
28361307
27694287
28150347
27563235
27489143
27468236
27288403
27514764
27660632
28254935
27726295
27756035
28385075
28055578
27575716
28128305
28087919
28056892
27842269
28137551
28323882
27556293
27614652
28126110
27121486
28117965
27965426
27756117
28018968
28073509
27588935
28496002
27326810
27613550
28272240
27776907
27264279
28430965
28501764
27617793
27629246
28075514
28268982
27349321
27500005
27980739
27793568
27233592
28351424
27544871
28435038
27310824
27796364
27399557
28089452
27631624
27786590
27286174
27262143
27867086
28272842
28005254
27815525
28319277
28092734
27251364
28533788
27579316
27737923
27984098
27766173
27786291
27929135
28138939
27964699
28214821
27776910
27258136
27239027
27301553
27871172
28343654
27918168
27422009
28379026
27366556
28209183
27451934
27853024
27977731
28031240
27576906
27612043
27439396
27677676
27489089
27255399
28244948
28067703
27318131
27761762
28105970
27524031
27620334
27600929
27501910
27601501
27958243
27216824
27738460
27874309
27444328
27255214
27929083
27977762
28161861
27442214
28189379
28121532
27830257
28438975
27394375
27504422
27794108
27623532
27612680
27371349
27588084
27830025
27473602
28168163
28389961
28051263
28333697
28526816
27812858
28258925
27906082
27622108
27998307
27416524
28424683
28457384
27745773
28399871
27894902
27702870
28266760
27914462
27893864
27725796
28495897
27649982
28438542
28103546
28385001
27992983
27310240
27785790
28527621
28429354
27555654
27804911
28169492
27478557
27470228
28209459
27485101
27977490
28149591
27343757
27393884
27676724
28429775
28252882
27887867
28356622
28238074
28210319
27856018
27059693
28164568
27938921
28128333
28409856
28350221
27757471
27824163
28013377
28465195
28340104
27515243
27819740
28469632
27305683
27478387
28499343
28236586
28344590
28380256
28470106
28390302
27398974
27795726
28288764
27924038
28422693
28043566
27837176
28004130
28432743
27577517
28117729
28320690
28449310
28245479
27382354
28251761
27919226
28235120
28494421
28386663
28469263
27866068
28380486
27441491
27669010
28280149
28338247
28415132
27534567
28063273
27636378
28077689
27574277
27415391
28436433
28525754
28063948
27412368
28270369
27473380
28094646
27928244
28499113
27572614
27494908
27775720
28181519
28070808
28231785
27865260
27532819
28127757
28337431
27744641
28505339
28205489
27335213
27908578
27634905
28236130
27386169
28370605
27469581
27284491
27256046
27482315
27405997
27524991
27832198
26476440
27436508
27861771
27653143
27738051
28404091
27477569
28471772
27656565
27533401
28056087
28229061
27601594
27287100
28445497
27651178
27113387
28395912
27799920
27345138
28314184
27724977
27340878
27651955
28098263
28040133
27442261
27446352
28122051
28526485
28271600
28285309
27903991
27979320
27335087
27485707
27484604
28475081
27434049
27926871
27941815
28191261
27330692
28413529
27252199
28099370
28545416
28405450
27892857
28094445
28125165
27941991
27375283
28393896
28328127
27528862
28405013
27665550
27844448
27882455
28471296
28392427
28335558
27481810
28417422
27435835
28092340
27678029
28278087
28339345
28455257
27755647
27454252
27752357
27881529
28091359
28087508
27737333
27310615
28213659
27392483
27965450
27661391
28267806
27980634
28268114
27615860
28056024
27273307
28468980
27321338
28185777
27942245
28096034
28345005
28427273
28054956
28098048
28495458
27566320
28011843
28235040
27548784
28061895
28283889
27681813
27821288
28298171
27677861
28343418
27449845
27659457
27647451
27298278
27357530
28086982
27891353
27794611
28415552
28117698
27505310
27395220
28473083
27460657
27686487
27293123
27273231
27268023
28092486
28192171
28194574
28341161
28125105
28471447
28113347
27378028
28456743
27397797
27240437
28209069
28504776
27320961
28181464
27308854
27711225
27261783
27553121
27512352
27465939
27753194
27421843
28054379
27481539
27994913
27708774
28469721
27812531
27332346
28322784
27279849
28314676
27484439
27485594
27405584
28361230
28107427
28288758
28388017
27343229
28457334
27489735
28466814
27505348
28505806
27559131
28549760
28160457
27519675
27598351
28394935
28070811
27532007
27742195
28538914
27471103
28482033
27605910
27242865
28106239
28139296
27481922
27601292
27906083
27468990
28211499
27381206
26867927
28265047
28285346
28232316
28451494
28289091
28346872
27488293
27347668
28461000
27500434
27570685
28328136
28065421
27685187
27608421
28476381
28286285
27501756
27652573
27798906
28523528
27777170
28208833
28298837
27384421
28424584
28483455
27647474
27625204
27488290
28347282
27904925
27779404
27821419
27618260
28400582
28436593
27330705
27395442
27798722
27392220
27340160
28179399
28393261
28345195
27604681
27479867
27680974
27375918
27870908
28402232
27274893
28284588
27508328
27643972
27565266
28333794
27593389
28072649
28129375
27466374
27995510
27913601
27706190
27741956
28548676
27432486
28522288
28251753
27791169
28183596
28092840
28408671
27381582
28274612
28211020
27734513
27293431
27378064
27569032
27598421
27626511
27772556
27467249
27538473
27692419
28504984
28501699
27284493
27449818
27598262
27659183
28425183
27550556
27298741
27292641
28223128
28318461
27994448
28177801
27306679
27777102
27555898
27682280
27642330
28406285
27337390
27467766
27703744
28228765
27578983
28265773
28323338
28377331
28536123
28495934
27453830
27858508
28402055
27822189
28002035
28108802
28304405
28397991
28348057
27570111
28282592
28529546
27855073
27255411
28370352
27902975
27333847
27526663
27744673
27601937
27594346
27294858
27494909
28141942
27353925
28118814
28088177
27470589
28413509
28167893
27862629
27479943
27440782
27798823
27530053
28286864
27804067
28041316
27733749
28030997
28501028
28135680
27650249
27441638
27626498
27488602
28439067
28355968
27537689
27388630
28524704
27834754
28088318
27795701
28440461
27459898
27909072
28128970
27481714
27999083
28327645
27871298
28158248
28408723
27660811
27510000
27742121
28502074
27580610
27793722
28447924
28513923
27660087
27798219
28358712
27706773
27723907
27776171
27606477
27754446
27331809
27257207
28341723
28243093
27951480
28301248
27417076
27328333
27479571
27678044
27595710
27771196
28432665
27384243
27266878
27942085
27540024
27534355
28438558
27783097
28267199
28380662
28521254
27339000
28078640
27857788
27781405
28542641
27744219
28458859
27507301
27978784
27847549
27716187
27667559
28248975
28524604
27884439
27669217
27645456
28271030
27599942
28101973
28319640
27803787
27886014
27787973
28541870
28098510
28373195
28494350
27760149
27826436
28497418
28141713
28117911
27344620
28275724
28388524
28093699
27771814
27828791
28166877
27242101
27894158
27818989
27241087
27936362
28493821
27846331
27764714
28508736
28110078
27723905
27626325
28499328
28055920
28452427
27568672
27693948
27987927
27323673
27715026
28440090
27317610
28332360
27438188
27822302
28158194
28299685
28066805
28441489
27352133
27575455
28528624
27545829
27506608
27252416
27823893
27983510
27280293
27876450
27402827
27446232
27561345
28357505
27476889
28292338
28131783
28228227
27642003
27306834
28110451
27689386
27461500
27873364
27486082
28428293
27817925
27720895
27748824
28375952
27252474
27473209
27644688
28425861
28436738
27524875
28419010
27683158
28483305
28456990
28530715
27631472
27871600
27670600
27978525
28054422
27457539
28538491
28095717
27610437
28249118
27530243
28222462
27346839
27808258
27689542
27802781
27390714
26883265
27386263
27784277
28334615
28184394
27646607
27486825
28483530
28429412
27384095
28274876
27506220
28108814
27916455
28241985
27898665
27880839
27837017
28349897
28166607
27824969
27349365
28249926
28321789
28389368
28299642
28012388
27883264
27601111
27258956
27884163
28077289
28247087
28315039
28502652
27235824
27920399
27275298
28284875
28157408
28043654
28213310
27640134
28271342
28018523
27754198
27905324
27294526
27485947
28327345
27240560
27922994
27635790
28333018
28415987
28274077
27392740
27799311
28448873
27283167
27940951
28428488
28475307
28040771
28456751
28451941
28520198
27907099
28095477
27237301
27408447
27608968
28486935
28033191
27593786
28386264
28449774
27274417
27498180
27692274
27705854
28408903
28395554
28053798
27380733
27534108
28289872
27338347
28277879
28495811
27639384
27347631
28160280
27490927
27288457
27619032
27510458
27645371
28341623
28033725
27337992
27437094
28074147
27933664
28508329
27879507
28540341
27634305
27463423
28231536
27616751
28550521
28377210
28289109
27873506
28386881
27632714
28399751
28453826
27616886
27383496
28129043
28454863
27563616
28122459
28163575
27513357
27234220
28459124
27942150
27294935
28068656
27732923
28404634
27837821
28399037
27385839
28456571
27788427
28002976
27876534
27966700
28424445
27503899
27356448
28442243
28237953
27311863
27284118
27250793
27768206
28433448
28394503
28202626
27941728
28392546
28468745
28450855
28042936
28203549
27233918
27407027
28088218
28394602
28270328
27426888
27875058
28371313
28239481
28341038
27742821
27976741
27294314
28121552
27445383
27596934
28107521
27533056
27273160
28131601
27975319
28432481
27623725
28062147
27761213
28413598
27802069
27876084
28153522
27749392
27865850
27749796
28254372
27768229
28203464
27751685
28083444
27637577
27655704
27494020
28532359
27879381
28485296
28122243
28464291
27893178
27257063
27774519
28360773
27994535
28329231
27697757
27981492
28439713
27299522
28434897
27699251
27580729
27315518
27293894
27507702
27423449
27319985
28322190
27866508
28169040
27436024
27577957
27372076
27769207
28395208
28414491
27860369
28315240
27787497
27643901
27609916
28373959
27761899
27569827
27840175
28026030
28226266
28524099
28019021
28148830
28241859
28276842
27493840
28070803
27917118
27570955
27117874
27863934
28210819
27932982
27694049
27994747
28058258
28263460
28125734
28381379
27254783
28491259
28117211
27777016
28035718
27892236
26868132
28165738
27554917
27585205
27393252
27404466
27742630
27566564
27701287
27908989
27867770
27761076
28266114
27412526
27722201
28474673
27628933
28192066
28413179
27598463
27913270
28492483
28131759
27356693
28316065
27913358
28424727
28454482
28025224
28334854
27857155
27449676
28298553
27602763
27836684
28295357
28431783
27412612
28181538
27810802
27688476
27751698
28399452
27598388
27928650
27383484
27320863
28296818
27853757
27430240
28366632
28338634
27921269
27237609
27620469
27534734
28105538
28534284
27516356
27645763
27468821
27346336
27241818
28195652
27939207
27906155
27703752
28101466
28379194
28400402
28373799
27746771
28120334
28432944
27625333
27637516
27498399
27659794
27988640
28144564
28293275
27882066
27671177
28040320
27454401
28469481
27820857
28289914
28087131
27502245
28411311
27259677
28215169
27498027
27467869
28389633
28387168
27832581
28077286
27286759
28459980
27783838
27332832
27515250
27920091
27235870
27790487
28319502
28478636
28472521
27454379
27849409
27256947
28104446
28032366
28221032
27847720
27708057
28506958
27903185
28243978
27244841
28426667
27791364
27729252
27453556
27500262
28075235
28289130
27796455
27236780
28428818
27245335
28472082
27454738
28193730
27354201
27355340
28454487
28266884
28343993
28430012
28159418
28069303
28324211
27677517
28186107
27454637
27547432
27644855
27415757
27820159
27745564
28503759
27727312
28133624
27401811
28424384
28431885
28097130
27638176
27541815
28056901
28152097
27671656
28450196
27301949
28069611
27547341
28497106
27631656
27540584
27779444
27860542
27504849
27481186
28213015
28146402
28074211
27838742
28284669
28077772
27617383
27272523
27706165
27318553
27536475
28143537
28273482
28349200
27405322
27993971
27436068
28027760
28217505
28182705
28120398
28213302
28018203
28412693
27708411
28217770
27829026
28000391
27321745
27405692
28323419
28375743
28315127
28127853
28128937
27828996
27975020
27632842
27704621
27648744
27799085
28423855
27848412
28077027
27848974
27413416
27260627
28137537
28166262
27718505
27616047
27423282
27887026
28129335
28505177
27877221
28470100
27457924
28177993
28135040
27659310
27776794
27261587
27446916
28143658
27853255
27791100
27382289
28542333
27514644
27939354
28299441
27689092
28485268
28135569
27929187
28323937
28202755
27873050
28370728
27882558
27858503
28075453
27703571
27504260
27683651
28459089
27295294
27439307
27517885
27714497
28113808
27542814
27474570
27940904
27935495
27942974
28277099
27755168
28277189
27771746
28268645
28356949
27792780
28364409
28403406
27668791
27842161
28356295
28508422
27913319
27412759
28409651
28422945
27721784
27936092
28168230
27931296
27563025
27266322
27543896
28387835
27316920
28476271
27530547
28115485
27303795
27721721
27131339
27790522
28052194
27650514
28401602
27876505
28402002
27371819
27358525
27339893
28226026
28144784
28182076
28471656
28113116
28279617
28494325
27896785
27618497
28163489
27573702
27665258
27645367
27511525
28390176
27357217
28436264
28072457
27236596
27929307
27600888
27634004
27683791
27254792
28301024
28062126
27515958
28074666
28011275
27617108
27528428
27356521
27776422
27312354
27912013
28347608
27897214
27975061
28244578
28460054
28207495
28460374
27920607
27668722
27599001
27890602
28078046
27803576
27665747
28523090
28389382
28019706
27266753
28464019
27857693
28058375
27813022
27641480
27875010
28534358
28521737
28032216
27374484
27891554
27397752
27387187
27382380
28190150
28469905
28518001
27704268
27279861
27367915
28303067
27443131
27871881
27588139
28545358
28181679
28195830
28069279
27935078
28329145
28473640
27354236
27606118
27366491
28532624
27573109
28072668
28545365
28079476
27831982
28451446
27858017
27388962
28537717
28550436
27357243
27535101
28357725
28017476
28099237
28330470
27765873
27461771
28434980
27676379
27820849
27682293
27558728
28299515
27256491
28295770
28341156
28092835
27716016
27802570
28336141
27923134
28457994
28515354
27259326
28410205
27235977
27732647
27445435
27237979
28478867
28050680
27673404
27650225
27413146
28245184
27342305
28269453
27713123
28400045
28541529
27374109
27934977
28490813
27626099
28202469
27460729
27299289
28005775
28249376
28487334
28418900
27503306
28028083
27688423
27899087
28546554
27521295
27752082
28254544
27887578
27792644
28468175
28351136
27594695
27420620
28316359
28199983
27838809
27379139
27560647
27445865
27997288
27481881
27811630
27787906
28003168
28240634
27456062
27796510
27571223
27250949
28139069
28476926
27412452
28005193
27924262
27783350
27254091
27934165
27578894
27623945
27613509
27450737
27698735
27452974
28099597
27812000
28221207
28182581
27824066
28282963
27905972
27521418
27494907
28381362
27580090
27338295
27539945
27771058
28232924
27275025
27904662
28322352
27482869
28328236
28478464
28401887
28124696
27352367
27334470
27485749
28480148
28082225
28217588
28447984
28480413
28239424
27780592
28458290
27702924
27428958
27484988
28150365
27464574
27318951
27886772
28515448
27821385
27906594
27905033
27852687
28413794
28209454
28535279
27391139
27559330
28053655
28515226
27452398
28437582
27512378
27837093
28071754
27771865
28382143
27489312
28281646
27663493
27364501
28160787
28192718
27677346
27887018
27487357
27539962
28217766
27689491
27815131
28480570
27542789
27826313
27470609
27533420
27807521
28183116
27860505
28006726
27310660
28302782
27899295
27333594
28063390
28270084
27958282
27567951
28115057
28356547
28005403
27565913
27304832
27270753
27384489
27550416
27743718
27284958
27769797
27598472
27297608
27717527
27503979
28476060
27941576
27391263
27358905
27378175
27512369
27871906
28458091
27340141
28283668
27313537
28024592
28501443
28304102
27960292
28486810
27888348
27587730
28097508
27784873
27909142
28237856
27990642
27987144
28544492
28280631
28403152
28362102
28416855
28004225
27593936
28416598
28159617
27453359
27525173
28000357
27242395
27761669
28205369
28458643
27995969
27466053
27257056
28437231
27308603
27339306
27430264
28097766
28024227
28127799
28054831
28427655
28237781
27432227
28115718
28274448
27598153
27782940
28222010
28132389
28299817
27610217
28111709
28316382
27984219
28472611
28498873
27334522
27635325
27627778
27757335
27965933
28183822
27620892
28284864
27252721
28486801
28050352
27449022
27780827
27489015
28066530
27233466
27832073
28097027
27435702
27794490
28190742
28168637
27568582
28299657
27530333
27712587
28071018
27340777
27551992
28403387
27942049
27270311
27768063
27500205
27895988
28003943
27489713
27840838
27597857
27793684
27638646
27618138
28436493
28460474
28295777
27456016
27322135
28377193
28548488
28123242
28502812
28542952
27631520
28238581
28458935
27816898
27669157
28214571
28120711
28100635
28113841
28212833
27589009
27871510
27741201
28272254
28437772
27546367
27552906
28396695
27716352
27920947
27909710
27235789
27636558
28347719
28471040
27894020
28042065
27692696
28268917
28464953
27267388
27816023
28051306
27608985
28526565
28268438
27505653
28429500
28464554
27781034
28539885
28460030
28101523
28459029
27534961
27336997
28257468
28253085
27862448
27555975
27267054
28375566
27964731
27536134
28152285
28267102
27267962
27637575
28323926
27294945
27697674
27352045
28008561
28055203
28398095
28543991
28411442
27750105
28283525
27296942
28391771
27255600
27975209
27708714
28432511
27602058
28459654
27271969
27480530
28127394
28487667
27618365
28264678
27629727
27984742
28063305
27451448
27765805
28432098
28331254
28284468
27773614
27545082
27719962
28393600
27976878
28077924
27257822
28087473
28097040
27809644
28466053
27314527
28138777
28189277
27757809
28282510
28481004
27371818
27441911
27465797
28525838
27336239
28102322
28233467
27303047
28394851
27599756
28544275
28175980
27555752
28078451
27677398
28003511
27483491
28275119
27545500
28437457
27423415
28121744
27309274
28348846
28199181
28512014
28080032
28503387
27855988
28131428
27404944
28456611
28528178
27373429
28160133
28108399
27740919
27438403
28430341
28294559
27941943
27917468
28481498
28456850
28341154
28359890
27718772
28244917
27892411
27571883
28357982
27474969
28465502
27884960
27436292
27391754
27930756
28110669
27473429
27855629
28410686
27233131
27965563
28274070
28086838
27868316
27655516
28049415
28301284
28534189
28435583
27807796
27321568
27556586
28301509
28318886
27830991
28196438
27863204
27452524
28318300
28267791
28505472
28118085
28126597
28363626
28261010
27812530
28289065
27846748
27832159
27580908
28106001
28255317
27389043
28127340
27977319
28451250
28433214
27566296
27355434
27771331
27322774
28334863
27607849
27418256
27956037
28152029
28168514
27741202
27463942
27670653
27491778
27867860
27403678
27729000
27491687
27790295
27484091
27807162
28084988
27688904
27887587
28324284
28514681
27754781
27927213
27714651
27969034
27274524
27317655
27646543
27665996
27383575
28504165
28320521
28284223
28257135
28427900
27498569
27286118
27492869
27591323
28471060
27859172
27498545
27668006
27503926
28421026
28481342
27338437
28103878
27942663
28465773
28329001
27313637
27682141
28266177
28009049
27730636
27714135
28249880
28064005
28096993
28390121
28383311
28534452
28484550
28265530
28548949
27371870
27915270
27727240
28220959
27828852
28284884
27430924
28069555
28284173
27734729
28538990
27371369
28463704
27903410
28295414
27465008
27861606
27742373
27622771
27942614
27340862
28082453
27490448
27355356
27314612
27492044
27667560
27871915
27845854
28356035
28281477
28220122
27763528
27298653
28484250
27736701
27647762
27679696
28539349
27296867
28360143
27511214
28187247
28269731
28087217
27580517
28207880
28416439
28143560
28159030
27866833
27799834
27500809
28424061
27465464
27940576
28353232
27427386
28159133
28083494
27653616
27542782
28274894
28511906
27881160
28129238
28260464
28466379
27636509
28438309
27811060
27348517
27692572
28402261
27904771
27439116
27336882
27294781
27573199
28404643
27647760
28119436
28459977
27443244
28291473
28429154
27581456
28447822
28456987
27359086
28447201
27433933
28367767
28002085
28389374
28433058
27934808
28101782
28418171
28111056
28091653
27889529
28118773
26944725
28087491
28081044
28252207
28490164
28464828
27431445
27876369
27233260
28423778
28161910
27282214
27787956
28133644
28187389
27859167
27472389
27321599
27249236
28149973
28010951
28183348
28134011
28002428
28295953
28102165
27743356
27355258
27768380
27780501
28107548
28529121
27707823
27908539
27999240
28242379
27760426
28244050
28213871
28521676
28459420
28497698
27683811
28106838
28358234
27511629
27697474
27988278
28539192
27840131
28034384
28039284
28431108
28466270
27635144
27283081
27337704
27424514
27652718
28008409
28085490
28385178
28167866
28331599
28208888
27973380
27768814
28513195
28067693
28473742
28258572
27403338
27392010
27343573
28421810
27895981
28179938
28219982
28550165
28280318
27544735
27329728
28284685
27819344
27666119
28331048
27411493
27817780
28074357
28063101
28162764
27932568
27470998
28110936
27919735
28266699
27569995
27799048
28003464
28392965
27686952
28144442
28074422
28089332
28209658
27785853
27834842
28250430
27297967
27625705
27691994
27213687
28332137
28126583
27438380
28344199
28332776
27999200
28282937
27602302
27864317
28410411
27261525
27712131
27093899
27896576
28541679
28180050
28110694
27536472
28281271
28380217
27623277
27898362
28112192
27516791
27546724
27681017
27326914
27649824
27843457
27753022
27446852
27818328
28099754
27799314
28448233
27252904
28512111
27347474
28199934
27629905
28026871
28235956
27986757
28544215
27644702
28082632
28264346
28018693
27502941
28039095
27473877
28271652
28516841
28375653
28317028
28500789
27623760
28063131
27828958
27746786
28367681
27624142
27775803
28148284
27698061
28068871
28531851
28472931
28390852
27567226
27410251
27562210
27417211
27251117
28306484
28243201
27287247
28424240
28303341
28394294
27916672
27280034
28197102
28042952
27494906
27617249
27816055
27342634
27849637
28190724
27813390
28100136
27553588
28235434
28223077
28424986
27555478
28045933
27351941
28327913
28322666
27988342
28266821
27236097
27861652
28334327
27692319
28073595
27865227
27395784
28062192
28190759
28446912
28400033
28376393
28521299
27845771
27590630
28278674
28157737
27545685
27869148
28494337
27446048
28377738
26931495
27665545
27357607
28179308
27997759
28389983
28351265
28240655
28277316
27447827
27510556
27688460
27764829
27852582
28330678
28458075
28245088
27366176
28339013
28056457
28077112
28477705
28413969
28145564
27840666
27848007
27651569
27653736
27324249
28149055
27744105
27312379
27688320
27987038
27437203
28399722
27250823
28387468
28041848
28264394
28050885
28419641
28296582
27840085
27364111
28234672
27282454
28440108
28462513
28509716
27920749
27639826
28210010
28371745
28251086
27266840
28442480
28407355
27734182
28348808
27643557
27236033
27680006
28337281
28278200
27669322
27344476
28263809
28027117
27543814
27391592
28055142
28527429
27923916
27434112
28101482
27778115
27685846
28342789
28273224
27239541
27876145
27977439
28280246
27499974
27242761
27768522
27651148
28430891
28500997
27251918
27349182
27516217
28130212
28236014
27535586
27869761
28297629
27445997
27450789
27402799
27999011
28362864
28348878
28538498
27649458
28362410
28212039
27812406
27872609
27694930
27664877
27442216
28487075
27440725
27291966
27882444
27824334
28492106
28108302
27650531
28511890
27379201
27617315
27401409
27438230
27394010
27249559
27655998
28286999
27322653
28393819
27086366
27655319
28203067
28450207
27471363
27994578
27476625
27821359
27694780
28011059
27277750
28549770
28400724
27618756
28378221
28447828
27348285
27903877
28427543
28287035
27690568
28258403
28220082
27311447
27418869
27890470
27373836
28326653
28208923
27726775
28340260
27920636
27312263
28069300
28397533
28382289
27989147
28179929
28495651
27623376
28085530
28140366
27411238
27475106
28462652
27431623
27693393
28532912
27748242
28111820
28514301
27278134
28219657
28188533
27617011
28193167
28066382
28139511
27475696
28053186
27690192
27259186
28451395
28261242
27806594
27648073
28338976
27609556
28464071
28472512
28355176
27747996
28433844
27781291
27993519
27639061
27422746
27628393
28067006
28157688
28336096
28355605
28497407
27508301
27842329
27472704
28054712
28186384
27301853
28193091
27837915
27987734
28134415
27939139
27342342
27835851
27779321
28296680
28228242
27896851
27500198
27804311
27421268
27662437
27798730
28358612
28477843
28034357
27497497
27417537
27940059
27529866
27357394
28331620
28327595
27625449
27791362
28541292
27583405
28387851
28209945
28105138
28215490
27896225
27286333
27914987
28084862
27603917
28443376
28548970
27311930
28408329
28026207
27562951
28550348
28025023
28228055
27699590
27470706
27885308
28478603
28295933
27834836
28108868
27622096
28090727
27420101
27695680
28420059
28533050
27377502
27294436
27793144
28068437
27838489
28530664
27981855
28190392
28406413
28058593
28203094
27399065
28110975
28352621
28451474
27984052
27986797
27777712
27245100
27935981
28493125
28485130
27610145
27294544
28270271
28348382
27818984
28096973
27347943
28412969
27376349
27749441
27938026
27481342
27575503
27922979
28475787
28290106
28505540
27667368
28438945
27680876
27061776
28381295
27510571
27933285
27553875
27742350
27542694
28155918
27633344
27689393
27427881
27454066
28072576
28301911
27878992
28450395
27607871
27426278
27778368
28536535
27646508
27901092
28057660
28497887
28360224
28130086
27490343
27234004
28191544
27698942
28454015
28242166
27610191
27922526
28520661
28137262
28123213
28526692
27258690
27474829
28102508
27385165
27623486
27275849
27464911
27305688
28343423
28303942
28520994
28244595
28338376
27991947
28479344
27358560
27544926
27729641
28002695
27683416
27958356
28243464
27815033
27473375
28341746
28486889
28199964
27362260
27612907
28167269
28360843
27760552
27632886
27399912
28482961
28013256
28149400
28346915
27997150
28002643
27834480
27508512
28066591
27956638
27476670
28476508
28493435
28526360
27364610
27476541
28024987
27273075
28274163
28176637
27249024
27301186
27703402
27571264
28284180
27435204
27831992
27621804
28518216
27467655
28222192
27768391
27841784
27446550
27325547
28383652
27994143
27334669
27337055
28003799
27889585
27746055
28008174
27936395
28447132
27467147
27643784
28373747
27869664
28256742
27537530
28515617
28000019
28456744
27665231
27518527
27422367
28088903
27648078
28546318
27633771
28452185
27336204
27511635
27467251
28470421
27737807
28441459
27762482
28273985
28025369
27375491
28362386
27752009
27274791
28533524
28084061
27372861
27923790
28193256
27597994
28126550
27299886
28228265
27756221
27392380
27371625
27859401
27990563
27371817
28237961
27898506
27822855
27718023
28225881
27906085
27913973
28063657
28490253
27881039
28351807
27412534
28394217
27279981
27585079
27507240
27267338
27573470
28445929
27526315
27319018
28531873
27388786
27285457
27635073
28540768
28374639
28086772
27408381
28237240
27732552
27571385
28007859
28523425
27983636
27856752
28232171
25763772
27373648
27282265
27257694
28097208
27611967
28137449
27908689
27348711
28360122
27669294
27900096
28122925
28281741
27339305
27845220
28344660
28233874
28213541
28181688
27699206
27622027
27874071
28096951
28116357
27749081
28183806
27935944
28358140
27900888
27932645
27648525
28088240
28231469
28077898
27710934
27493925
28386687
27757318
28249785
27629431
26316050
27931138
27994293
27256373
27703342
28144577
27590047
28171688
28028852
28373991
28317716
27553051
28249160
27719897
28044446
27794223
28521168
27716325
27414407
27914587
27459060
28364434
28442343
27802454
27782044
28171696
27687042
28438037
27514242
27684099
27678317
27900080
27849546
28159606
27480160
27384676
28293289
27642699
28169126
28119222
28038326
28366539
27876080
28414203
27806383
27332210
28231426
27866498
27459296
27474557
28243909
27887876
28246046
27528471
28470753
27658531
28002691
28468714
28165762
28399372
28532629
27721550
28506931
28009695
28110058
27714861
28298224
27780748
27921401
27553395
27515303
27649667
27435854
27776603
28534352
28516341
27799731
28233591
28411139
27612561
28375449
27466243
28366770
28318092
28194562
27790175
25847295
27806641
27590051
27574814
27547536
28420030
27864600
27696493
28478321
27306621
28065558
28281265
28527954
28296655
27654398
27445402
28072584
28399813
28410389
27533383
27875815
28132082
28341196
28087237
27257613
28342542
28145617
27495798
28158316
27733154
28060068
28469987
27374919
27824925
27614145
27759568
27660194
28549178
27453213
28368267
27300936
27908503
27354631
28345160
27987651
28293475
28186998
27504738
27657099
27356972
27935120
27406705
28389361
28058834
28539075
27586108
28537612
27613669
27251157
28399833
28124578
27837917
27773678
28405379
28353042
28214898
28180235
28104952
28360979
27909122
27979025
27267564
27725659
27489603
28532107
28280642
28247308
27890332
28446633
27681182
27618157
28340580
27570362
27734289
28523174
28250235
28205317
28343001
27348576
27680598
27252099
28101400
28436286
27695342
27706588
27611338
27399843
28295177
27669669
27406386
27621870
27694392
27886280
27529135
27429532
27910818
27612827
27868059
28179361
28454282
28145492
27467556
28057994
28433910
28215507
27408908
27548895
28499120
27715500
28544452
27478553
28123107
27706911
27602300
28269523
28509318
28103582
28421317
28544860
27289224
27866595
27487593
28127863
27941707
28243923
27660548
27245303
27437046
27677368
27717775
28109317
27804215
28448263
27409644
27576608
27271951
27570140
28381601
28406758
27328365
27714376
27244222
27313723
28144096
27438523
28439925
28359307
28459391
27794263
27519262
28263242
27775984
27683502
27299182
28469422
27354640
27443945
28202494
27771784
27402480
28474967
28423032
27777603
28234635
27444636
28458045
27714730
27436635
27690050
28341536
28463933
28367982
28373341
28081741
27811711
27902303
27630041
27941491
27621200
28436186
28286688
27761922
27283994
27568025
28077155
27882587
27847836
27982304
28436990
28462032
28384889
27351590
28107706
27678020
27301681
27902690
27459610
27422142
28243780
27390849
28351298
27715398
28036301
27942489
27196563
27247892
27634034
27299916
28487818
27383174
28039389
28220061
28282033
28300494
28232582
28444830
27925527
27758943
27516254
27942475
27829141
27503608
27737795
27796974
28427765
28340485
27653173
27798289
27515307
28374958
27766200
28103941
28296885
27677165
28134554
28361121
27721600
27766286
28442401
27280525
27300947
28270097
28178386
27695358
27993470
27838407
28378026
27334471
27274087
27831827
27617056
27570556
28445938
27390504
27436524
27993018
28527513
28544601
28464602
27652926
27926483
26797704
27611704
28194519
27811200
27583127
27387068
27456018
28520655
28085760
27660323
28141819
27768715
27365044
27746068
28224642
27667643
27522061
28130404
27352476
27697561
28113047
27435336
28042600
28210659
28027163
28165579
28121531
27446224
28495504
28000514
28445368
27806921
27509301
27865242
28245982
28105595
27927071
27899384
28388350
28118389
27562025
27995352
28241991
27994743
28221291
27825443
28011044
27859998
27933173
27551242
28329872
27752744
28545437
27921577
28473531
28364927
27614386
28118752
27235985
28153157
28235687
27924533
28334564
28297577
28065623
27504100
28161688
27851974
28526000
27826087
27709647
28051899
27683067
27265654
28239454
27285494
27532798
27524208
28470550
27989819
27559734
28035480
28059412
28482688
28373627
27577581
27445300
27798174
27404405
27913563
27812586
28033500
27928009
28443481
28263657
27653361
27638250
27457339
27940380
28384898
28232384
27479458
28385938
28286021
28189069
28204870
27849093
27773722
27494903
27748842
27350860
28532323
27440478
28319455
28046142
27977609
27312487
28322885
27734402
27795266
27568206
27846337
28268504
28350803
27524790
28004744
27601238
28429542
28161405
28249723
28515464
28194801
27909557
28005982
28403239
27744574
27578508
28400056
28437254
27629156
27720181
27321892
27981242
27604152
28026981
27373689
27863736
28125454
27887778
27239445
28035661
27469396
28147376
27623751
27910092
27743686
27461472
27886041
28322744
27409663
27813599
28284237
27896578
27802488
27381670
28269712
27413283
28550154
27991454
27801889
28462752
28368473
27831503
27619227
27375428
28479016
27670138
27341373
27938482
27861731
27644675
27754397
28533317
28361288
28388318
28062652
27518506
28187742
27606170
28366406
28287597
27812347
28532645
27608180
27973939
27738068
28103841
27519886
28405177
27905097
28463085
28508668
28222015
27449508
28070679
27976654
27374165
27375774
27610122
28509526
27801735
28356129
28339410
28088045
28018330
27326352
28392552
28003476
28261447
28306707
27491394
27756568
27567148
27613895
27447713
27433451
28381880
27430662
27525549
27653010
28471941
28252933
28230977
28290961
28462781
27848238
28316973
27720129
28262340
28523479
28091848
27905930
28191654
28465793
28153991
28306155
28508214
28442859
27769714
27655678
27583176
27603112
28166079
28332476
28154341
28396345
27542164
27587390
27582109
27565983
27480504
27765603
28429315
28386950
27899941
27325072
27925180
27942907
28010062
27542380
28279706
27628042
27373772
27892522
27503472
27939879
28318799
27690079
28514486
28210640
28118200
27859264
27710899
27760700
27439518
27292374
28486232
28266689
27760732
27359321
28545217
27383326
27486419
28450514
27755272
28549399
27514572
27333086
27275827
27450703
28070275
27257353
28062520
27363786
27440255
28112421
27872234
28070315
28547383
28196360
27348675
27686752
28442229
28065172
28043783
27851791
28190791
28262302
27516253
27812142
28229097
28412023
28197965
28473015
28093575
27838149
27755951
27297523
28548973
27857099
28241394
28319438
27331407
27513632
27834716
28010143
28011408
28239461
28393351
28068639
28476169
27905023
27548715
27481907
27442448
28067119
27928393
28237545
27871542
27873109
27606547
27826671
27387057
27256126
27704589
27266283
27599297
28189628
28281972
27701245
27806385
27660667
27512256
28288134
28056376
27994640
28269352
27245524
28301539
27744233
28221018
27505217
27659602
27760981
27356151
28150322
28355982
27588892
28285800
28410350
27608841
27312152
28153230
27271087
27433916
27349310
28416969
27827387
27847809
27581464
27552486
28089781
28339928
27363212
28276968
27866504
28363782
27348352
27313614
27696737
28165155
28274609
27744500
27810033
28109920
27794068
27496388
28163288
27878205
27521980
27496995
28457522
27805887
27799038
28496419
28013205
28509623
27306647
27295651
27330995
27692888
27312729
28369089
27798341
28523722
28367636
28067647
27644674
27329050
27660855
27411686
28533939
27900133
27485340
28420066
